A1a=0.5;
A2a=2;